[[9, 9, 9, 9, 9, 9, 9, 9, 9, 9, 9, 9, 9, 9, 9, 9, 9, 9, 9, 9, 9, 9, 9, 9, 9, 9, 9, 9, 9, 9, 9, 0], [9, 0, 0, 0, 0, 0, 0, 0, 0, 0, 0, 0, 0, 0, 0, 0, 0, 0, 0, 0, 0, 0, 0, 0, 0, 0, 0, 0, 0, 0, 9, 0], [9, 0, 0, 0, 0, 0, 0, 0, 0, 0, 0, 0, 0, 0, 0, 0, 0, 0, 0, 0, 0, 0, 0, 0, 0, 0, 0, 0, 0, 0, 9, 0], [9, 0, 0, 0, 10, 10, 10, 10, 10, 10, 10, 10, 10, 10, 10, 10, 10, 10, 10, 10, 10, 10, 10, 10, 10, 10, 10, 0, 0, 0, 9, 0], [9, 0, 0, 0, 10, 10, 10, 10, 10, 10, 10, 10, 10, 10, 10, 10, 10, 10, 10, 10, 10, 10, 10, 10, 10, 10, 10, 0, 0, 0, 9, 0], [9, 0, 0, 0, 10, 10, 0, 0, 0, 0, 0, 0, 0, 0, 0, 0, 0, 0, 0, 0, 0, 0, 0, 0, 0, 10, 10, 0, 0, 0, 9, 0], [9, 0, 0, 0, 10, 10, 0, 0, 9, 9, 9, 9, 9, 9, 9, 9, 9, 9, 9, 9, 9, 9, 9, 0, 0, 10, 10, 0, 0, 0, 9, 0], [9, 0, 0, 0, 10, 10, 0, 0, 9, 5, 5, 5, 5, 5, 5, 5, 5, 5, 5, 5, 5, 5, 9, 0, 0, 10, 10, 0, 0, 0, 9, 0], [9, 0, 0, 0, 10, 10, 0, 0, 9, 5, 5, 5, 5, 5, 5, 15, 5, 5, 5, 5, 5, 5, 9, 0, 0, 10, 10, 0, 0, 0, 9, 0], [9, 0, 0, 0, 10, 10, 0, 0, 9, 11, 11, 11, 11, 11, 11, 11, 11, 11, 11, 11, 11, 11, 9, 0, 0, 10, 10, 0, 0, 0, 9, 0], [0, 0, 0, 0, 3, 3, 0, 0, 9, 5, 5, 5, 5, 5, 5, 5, 5, 5, 5, 5, 5, 5, 9, 0, 0, 3, 3, 0, 0, 0, 0, 0], [9, 0, 0, 0, 10, 10, 0, 0, 9, 5, 5, 5, 5, 5, 5, 5, 5, 5, 5, 5, 5, 5, 9, 0, 0, 10, 10, 0, 0, 0, 9, 0], [9, 0, 0, 0, 10, 10, 0, 0, 9, 5, 5, 5, 5, 5, 5, 5, 5, 5, 5, 5, 5, 5, 9, 0, 0, 10, 10, 0, 0, 0, 9, 0], [9, 0, 0, 0, 10, 10, 0, 0, 9, 5, 5, 5, 5, 5, 5, 5, 5, 5, 5, 5, 5, 5, 9, 0, 0, 10, 10, 0, 0, 0, 9, 0], [9, 0, 0, 0, 10, 10, 0, 0, 9, 5, 5, 5, 5, 5, 5, 5, 5, 5, 5, 5, 5, 5, 9, 0, 0, 10, 10, 0, 0, 0, 9, 0], [9, 0, 0, 0, 10, 10, 0, 0, 9, 9, 9, 9, 9, 9, 5, 5, 5, 9, 9, 9, 9, 9, 9, 0, 0, 10, 10, 0, 0, 0, 9, 0], [9, 0, 0, 0, 10, 10, 0, 0, 0, 0, 0, 0, 0, 0, 0, 0, 0, 0, 0, 0, 0, 0, 0, 0, 0, 10, 10, 0, 0, 0, 9, 0], [9, 0, 0, 0, 10, 10, 10, 10, 10, 10, 10, 10, 10, 10, 4, 4, 4, 10, 10, 10, 10, 10, 10, 10, 10, 10, 10, 0, 0, 0, 9, 0], [9, 0, 0, 0, 10, 10, 10, 10, 10, 10, 10, 10, 10, 10, 4, 4, 4, 10, 10, 10, 10, 10, 10, 10, 10, 10, 10, 0, 0, 0, 9, 0], [9, 0, 0, 0, 0, 0, 0, 0, 0, 0, 0, 0, 0, 0, 0, 0, 0, 0, 0, 0, 0, 0, 0, 0, 0, 0, 0, 0, 0, 0, 9, 0], [9, 0, 0, 0, 0, 0, 0, 0, 0, 0, 0, 0, 0, 0, 0, 0, 0, 0, 0, 0, 0, 0, 0, 0, 0, 0, 0, 0, 0, 0, 9, 0], [9, 0, 0, 0, 9, 9, 9, 9, 9, 9, 9, 9, 0, 0, 0, 0, 0, 0, 0, 9, 9, 9, 9, 9, 9, 9, 9, 0, 0, 0, 9, 0], [9, 0, 0, 0, 9, 5, 11, 5, 5, 5, 5, 9, 0, 0, 0, 0, 0, 0, 0, 9, 5, 5, 5, 5, 11, 5, 9, 0, 0, 0, 9, 0], [9, 0, 0, 0, 9, 12, 11, 5, 5, 5, 5, 9, 0, 0, 0, 0, 0, 0, 0, 9, 5, 5, 5, 5, 11, 5, 9, 0, 0, 0, 9, 0], [9, 0, 0, 0, 9, 5, 11, 5, 5, 5, 5, 5, 0, 0, 0, 0, 0, 0, 0, 5, 5, 5, 5, 5, 11, 14, 9, 0, 0, 0, 9, 0], [9, 0, 0, 0, 9, 13, 11, 5, 5, 5, 5, 5, 0, 0, 0, 0, 0, 0, 0, 5, 5, 5, 5, 5, 11, 5, 9, 0, 0, 0, 9, 0], [9, 0, 0, 0, 9, 5, 11, 5, 5, 5, 5, 9, 0, 0, 0, 0, 0, 0, 0, 9, 5, 5, 5, 5, 11, 5, 9, 0, 0, 0, 9, 0], [9, 0, 0, 0, 9, 9, 9, 9, 9, 9, 9, 9, 0, 0, 0, 0, 0, 0, 0, 9, 9, 9, 9, 9, 9, 9, 9, 0, 0, 0, 9, 0], [9, 0, 0, 0, 0, 0, 0, 0, 0, 0, 0, 0, 0, 0, 0, 0, 0, 0, 0, 0, 0, 0, 0, 0, 0, 0, 0, 0, 0, 0, 9, 0], [9, 0, 0, 0, 0, 0, 0, 0, 0, 0, 0, 0, 0, 0, 0, 0, 0, 0, 0, 0, 0, 0, 0, 0, 0, 0, 0, 0, 0, 0, 9, 0], [9, 9, 9, 9, 9, 9, 9, 9, 9, 9, 9, 9, 9, 9, 1, 2, 2, 9, 9, 9, 9, 9, 9, 9, 9, 9, 9, 9, 9, 9, 9, 0], [0, 0, 0, 0, 0, 0, 0, 0, 0, 0, 0, 0, 0, 0, 0, 0, 0, 0, 0, 0, 0, 0, 0, 0, 0, 0, 0, 0, 0, 0, 0, 0]]
11
10
25
1
True
0
150
15
20
10
10
15
15
50
[1, '木刀']
[1, '木の盾']
